2 199 1774
3 350 1328 1920
3 477 984 1419
2 1465 1568
5 359 1047 1215 1580 1969
1 613
3 49 617 1213
1 1263
1 410
1 1224
1 1157
3 304 1168 1875
4 868 891 1369 1712
2 958 1371
1 1814
2 261 556
4 830 1646 1901 1933
2 962 1778
2 109 1229
4 239 1070 1886 1930
4 327 1307 1801 1905
2 943 1950
1 1310
2 659 917
1 373
1 369
2 947 1023
2 338 1901
1 1691
4 132 1219 1699 1962
3 424 822 1419
2 1444 1464
2 702 1517
1 1639
1 909
2 690 1655
3 988 1149 1166
4 649 1300 1441 1699
1 1848
1 382
3 827 1203 1510
3 714 1056 1184
2 1018 1873
1 214
2 670 957
1 45
1 1195
2 559 1504
1 1958
1 6
2 50 1248
1 1151
3 52 521 1791
1 304
1 601
1 1328
1 939
2 1583 1995
2 1422 1694
2 395 1233
2 862 1811
2 345 1694
2 62 276
1 280
1 199
2 117 930
2 364 697
1 1043
3 287 504 1554
2 498 706
5 77 333 713 972 1299
1 1643
1 694
1 1381
2 955 1790
2 1691 1743
3 76 638 1429
1 70
1 1513
2 1397 1716
1 897
2 968 1841
1 649
1 522
4 84 125 399 498
3 880 1554 1888
1 86
2 579 1947
3 470 1451 1750
2 805 1434
1 453
1 1208
3 688 1358 1746
2 357 647
3 234 1270 1520
2 620 1454
3 390 869 919
2 693 1783
4 259 529 782 1018
1 678
1 1215
2 459 887
2 888 1135
1 1006
2 1375 1422
2 1657 1730
2 216 1434
1 333
2 468 1654
2 18 1791
1 372
3 111 861 1383
2 1359 1937
3 414 736 1446
2 426 1457
2 1605 1672
4 116 713 1584 1602
1 65
2 1611 1897
2 541 1569
2 412 787
1 1344
3 698 752 1693
4 1173 1576 1634 1802
1 735
2 84 1032
3 126 225 332
1 1350
4 128 319 327 1582
3 129 654 1260
3 1080 1296 1350
1 131
3 29 856 1064
3 659 1367 1776
4 648 1147 1450 1910
1 411
3 353 935 1590
1 228
4 194 452 1746 1794
3 139 494 1635
1 681
1 1507
1 1288
1 845
1 1516
4 502 1146 1155 1809
2 146 750
1 1600
1 1206
2 829 1457
2 675 915
2 651 1678
2 888 1503
3 498 960 1515
1 1468
1 751
3 528 803 1655
2 1486 1937
2 590 1876
5 159 185 1287 1550 1588
2 160 548
2 1303 1364
1 1855
1 1181
1 442
1 490
1 1105
1 1121
2 760 1129
1 747
1 1890
1 1644
2 593 665
2 1092 1869
1 705
2 1345 1999
2 234 606
2 557 688
1 373
1 1376
1 638
1 1996
3 1094 1206 1748
1 931
1 880
3 159 1058 1704
3 765 1178 1877
1 732
1 188
2 189 1871
2 395 1639
1 441
2 192 1034
1 494
3 138 995 1308
1 1024
3 226 1632 1919
1 786
3 286 758 1852
3 0 64 1646
1 314
2 459 658
5 321 492 599 1081 1460
1 225
3 331 462 600
1 898
2 734 1321
2 558 991
1 397
2 1145 1886
2 1343 1925
2 840 1409
1 1308
1 1813
2 43 282
1 1270
4 106 836 1275 1507
1 312
4 290 386 639 1920
2 784 1001
2 220 322
1 1681
2 1616 1653
3 436 1272 1625
2 1398 1696
3 126 203 1182
2 196 1655
1 623
2 137 923
2 253 1387
1 1374
2 389 1499
1 442
2 473 1406
2 94 176
1 235
4 607 838 1487 1856
1 818
2 387 628
1 19
1 818
2 1027 1524
2 1085 1971
1 1942
3 299 390 916
1 906
4 246 534 763 1427
2 531 1675
2 336 1832
1 1497
1 1836
1 1309
2 581 1104
3 229 877 1743
2 254 621
3 831 866 874
1 1942
1 906
1 1224
5 98 316 419 718 1519
5 1223 1516 1547 1845 1944
4 15 278 1607 1808
2 1112 1172
1 424
1 680
1 1968
2 804 1252
1 1739
2 538 546
1 1265
1 270
1 1150
1 272
2 1208 1537
1 1427
2 1349 1829
2 62 906
3 461 634 1887
3 261 1224 1904
2 303 537
4 63 280 926 931
4 862 1041 1119 1863
3 214 488 644
2 646 1124
2 860 1759
1 746
1 198
2 68 1045
7 332 1133 1277 1628 1744 1770 1934
2 1578 1766
3 218 439 1661
3 596 1377 1620
3 700 848 1099
3 293 1592 1938
2 653 1948
2 1505 1936
2 625 925
2 1105 1185
3 298 544 1444
3 244 933 1012
3 300 1461 1883
2 880 1698
1 1221
2 279 375
4 11 53 967 1362
1 777
1 344
2 582 770
2 792 1895
1 539
2 390 1482
2 441 1294
2 217 743
1 1522
5 200 502 835 1084 1134
1 1970
1 259
2 1302 1437
1 365
2 128 976
3 1056 1466 1778
1 202
2 220 1431
3 838 1465 1895
1 443
1 1056
3 463 1741 1761
4 20 128 681 1797
2 328 348
2 378 1738
1 459
2 204 331
2 126 288
3 70 107 1747
2 517 614
1 1259
3 248 550 1485
1 337
3 27 1212 1264
2 430 963
1 769
1 341
3 593 718 895
1 569
4 306 1440 1650 1742
3 61 1006 1664
2 448 1928
2 1022 1052
2 328 1232
1 1232
4 1 526 1086 1821
1 584
4 518 686 1324 1437
2 136 936
1 1470
2 1173 1814
1 698
1 93
3 737 986 1169
1 4
1 363
2 417 841
1 928
2 360 1751
3 66 364 1596
2 318 1766
1 366
1 367
1 1897
3 25 369 1460
1 370
1 1568
2 110 582
3 24 178 1924
1 374
1 303
2 1331 1990
3 388 601 837
1 329
1 623
1 671
1 938
2 39 1458
4 383 1490 1763 1844
1 832
2 745 1673
2 218 779
1 238
2 377 1817
4 231 656 1038 1960
6 96 244 310 721 1094 1501
3 438 819 1870
1 697
3 443 1275 1463
1 480
4 59 190 1117 1997
1 595
3 208 397 1727
1 1153
1 84
2 825 1693
1 812
1 1191
2 1446 1820
3 442 871 1637
2 426 1067
2 460 1290
1 1951
3 1335 1391 1897
2 984 1217
2 8 1607
4 135 411 454 1393
1 120
1 1208
1 113
2 415 1803
1 428
1 361
1 1129
1 259
1 628
1 1485
2 1110 1785
1 1418
2 30 263
1 1497
3 114 405 780
1 427
2 416 782
1 429
2 339 1513
2 886 1408
2 586 1725
3 889 1753 1881
2 1078 1120
3 660 1194 1662
2 223 1332
1 1487
1 391
1 290
1 1828
5 191 311 1003 1561 1702
3 164 232 404
2 324 393
2 1215 1251
1 792
2 1015 1392
1 777
2 346 1097
1 1117
1 1395
2 1414 1845
1 138
2 90 453
1 411
1 1801
4 456 791 902 1111
3 457 1075 1384
2 770 1600
4 101 201 330 1108
2 406 1529
3 277 839 1552
1 204
2 326 1899
1 1098
3 764 1630 1779
1 627
1 904
2 108 1849
3 469 603 780
3 88 1276 1533
1 1492
5 472 1048 1409 1518 1758
3 233 1413 1826
1 780
2 1005 1968
1 809
1 2
1 753
3 479 1296 1615
3 394 775 1623
2 774 1604
1 763
3 522 591 1344
2 894 1219
4 507 1114 1250 1351
2 1099 1879
1 487
3 282 1164 1189
2 900 1889
3 165 918 1007
1 1800
1 202
4 615 899 1200 1326
2 139 193
2 704 1988
1 496
2 1149 1216
3 69 84 153
2 1125 1149
1 642
2 524 1176
2 145 314
2 1330 1626
2 68 699
1 672
1 1083
2 485 1743
3 520 1236 1296
1 1676
2 875 1066
1 511
2 512 1240
2 705 812
1 1758
2 1165 1168
1 811
3 334 1132 1339
2 352 1674
3 824 1396 1659
1 508
2 52 915
3 83 483 1637
1 1317
1 501
1 525
3 350 850 930
3 527 1338 1449
1 156
1 98
3 691 1175 1505
4 247 785 1389 1623
1 1159
2 1152 1297
1 246
4 1144 1491 1622 1935
1 708
2 279 1656
3 268 538 1756
2 309 802
1 1239
3 119 1679 1741
1 1204
2 642 1926
1 298
1 1971
1 268
3 1465 1613 1614
1 160
1 820
1 336
1 1733
2 552 1563
1 1654
3 554 1641 1665
1 555
1 15
2 177 1204
2 207 1004
2 47 1297
2 1189 1709
2 1013 1709
2 762 912
1 563
1 585
2 1333 1494
2 566 938
1 894
2 586 1397
2 343 1572
3 704 1220 1459
1 1451
3 651 846 909
1 1881
1 1866
1 1379
2 1060 1210
1 1837
1 1346
1 87
1 1509
2 252 1548
2 307 372
4 624 1599 1753 1908
2 351 774
2 564 977
4 432 568 773 1789
1 826
1 1854
3 719 845 1214
2 158 1259
1 483
2 743 898
5 172 342 852 943 1053
1 594
2 396 928
2 291 596
1 597
1 1980
2 202 1764
1 204
3 54 377 1340
2 1718 1866
2 469 789
3 1006 1033 1626
1 1535
1 176
3 236 911 1218
2 1193 1825
1 1657
2 733 841
2 747 1892
3 1098 1196 1267
2 5 1372
2 334 1492
2 493 798
2 1025 1940
3 6 666 1155
3 762 1621 1895
1 1187
2 95 1761
1 254
2 784 1476
3 227 379 1081
1 583
3 296 1222 1882
1 905
2 466 1692
4 238 420 1004 1412
1 1532
1 630
4 977 1092 1458 1713
3 777 1049 1404
1 994
1 277
1 635
2 703 1756
2 840 1585
3 76 180 1373
3 218 639 1835
1 1559
1 1800
2 500 543
1 1808
1 282
2 1253 1475
3 283 646 864
2 93 1508
3 134 956 1762
2 37 82
2 1480 1916
3 151 572 1357
1 1261
2 294 653
3 129 1139 1176
2 1251 1656
1 389
1 1604
2 201 1208
3 23 133 1868
1 435
1 1634
2 1667 1701
1 974
2 664 1167
2 172 1370
1 617
1 1824
2 952 1605
1 1822
2 44 670
4 380 1145 1693 1906
2 505 693
1 1610
2 1249 1302
2 150 777
1 1675
2 910 1282
2 99 1004
1 679
4 264 917 1137 1687
3 140 327 746
1 682
2 794 1315
2 1000 1342
4 1111 1348 1523 1932
1 352
2 979 1667
2 92 177
2 937 1939
2 35 1608
2 530 691
1 1871
2 97 672
2 72 694
1 1076
1 1954
3 66 392 1892
3 122 356 698
2 504 1470
2 292 1407
2 1231 1327
1 32
3 636 1083 1210
2 495 570
3 174 513 1332
2 69 1088
2 1036 1867
3 536 805 1958
1 709
2 915 1578
2 711 1478
2 813 927
4 70 116 1469 1539
1 41
4 840 1473 1562 1705
1 716
2 949 1864
4 259 342 1557 1853
3 589 781 802
1 1125
2 390 878
1 1026
2 1039 1467
1 1535
1 883
2 1832 1917
1 1245
1 1291
1 1203
1 824
1 1984
2 187 1214
3 610 1079 1198
4 206 872 1479 1855
2 124 1371
2 113 736
2 358 1426
4 974 1024 1717 1842
1 1489
1 1634
2 873 1695
1 1700
3 312 592 1493
3 948 1306 1400
4 385 1029 1315 1474
3 285 681 793
4 169 611 814 1548
1 748
2 1134 1498
1 146
3 155 783 1856
2 122 1417
2 478 1505
3 810 1742 1955
2 1735 1847
2 978 1095
2 1153 1730
2 198 1476
1 759
1 168
1 1496
2 562 618
3 246 482 1258
1 465
1 186
1 1448
3 893 896 1019
1 1730
3 340 1043 1065
3 307 458 1453
1 1168
1 911
1 586
4 481 584 774 1148
3 480 1485 1894
1 926
4 305 447 632 675
1 1690
1 386
3 426 469 474
2 719 1543
3 98 428 903
2 751 1558
2 219 622
1 531
3 197 911 1312
2 120 880
2 1089 1487
4 603 844 1681 1731
2 790 1126
2 456 1363
2 308 445
1 746
2 683 951
2 1732 1986
2 1210 1878
1 804
1 615
1 1651
3 851 860 1907
3 1110 1537 1773
2 539 719
2 156 1528
3 266 797 1549
3 89 708 962
1 1429
1 1800
2 873 1421
2 476 809
1 754
2 516 965
2 401 513
2 712 1023
1 747
1 1145
1 1413
1 1235
3 237 240 1506
2 391 857
2 549 1162
2 1410 1607
2 30 1485
2 1445 1454
3 519 730 1824
3 400 1381 1472
4 587 1040 1198 1618
1 40
1 1870
1 149
1 16
1 255
3 384 1890 1913
1 1529
1 834
1 314
2 216 1166
2 377 988
2 236 323
2 461 1825
4 211 637 715 1710
4 361 610 841 1815
1 1669
2 874 1468
1 789
3 143 589 1053
1 572
1 1285
1 292
1 849
1 526
3 800 1368 1497
2 593 1798
3 1339 1593 1749
2 1445 1787
2 1026 1356
1 132
1 819
1 1511
1 1191
3 284 800 1619
2 111 1266
2 60 281
1 1605
1 646
1 873
2 255 924
2 871 1707
1 12
2 96 1278
1 1307
3 404 867 1482
2 734 1200
4 741 808 865 873
3 255 843 1201
3 510 1325 1797
2 1504 1825
1 253
1 721
3 948 1291 1847
6 85 184 301 787 1503 1617
1 1688
1 882
3 725 1582 1874
1 1352
2 885 1974
2 431 1650
1 101
2 102 152
2 433 1016
1 890
1 12
2 1402 1923
1 767
2 484 567
4 342 1123 1158 1648
1 767
3 80 986 1418
3 205 592 1019
2 493 1053
1 489
1 901
1 456
1 782
3 467 904 1924
2 626 1881
3 245 257 276
3 907 1101 1826
2 908 1230
3 34 572 1186
2 677 961
5 607 772 786 1196 1405
1 562
1 1636
2 1892 1963
3 150 521 710
1 244
3 23 680 1336
2 490 1483
1 96
1 1880
1 921
2 975 1255
3 228 1202 1452
1 866
2 296 1270
5 280 776 1170 1788 1970
1 712
3 362 595 1103
1 929
5 65 526 1256 1500 1722
3 183 280 1484
1 1737
1 299
2 1387 1851
4 136 935 1537 1775
1 353
2 689 1347
2 381 566
2 56 1762
2 1559 1860
4 1504 1671 1723 1724
1 1293
2 21 593
1 1335
1 1650
1 1556
1 26
2 744 879
2 717 1604
2 1201 1322
1 794
2 668 1371
1 1272
1 954
1 74
2 648 1870
2 44 1769
3 13 1388 1660
1 959
1 153
1 910
2 17 805
2 339 1783
1 1100
2 811 1677
1 966
4 304 1029 1269 1910
2 81 1091
2 1379 1693
1 1289
1 971
1 70
1 973
3 663 738 1005
1 922
1 319
2 585 631
2 756 1628
2 687 979
2 1151 1317
2 1199 1902
1 1223
1 1931
2 2 409
1 985
3 358 897 1564
2 987 1644
2 36 837
1 1275
2 990 1295
2 207 1415
4 1242 1397 1467 1579
2 1042 1767
3 633 1595 1813
1 194
2 1096 1369
2 1231 1973
1 1367
1 999
2 684 1078
1 219
1 1442
1 441
3 558 628 678
2 475 974
3 103 345 604
2 490 1274
2 1708 1819
2 1009 1118
2 1223 1803
1 1867
2 299 1923
4 561 1187 1477 1926
1 1861
3 446 1015 1858
1 889
1 1435
2 42 98
3 767 898 1764
1 1020
1 1666
3 347 1022 1310
5 26 813 1109 1538 1988
2 195 738
1 616
4 722 855 1337 1415
2 241 1309
1 1028
2 745 967
2 1577 1689
1 1031
1 125
3 604 1127 1194
1 192
1 1992
2 707 1509
1 1347
1 389
2 723 1535
3 826 1245 1918
1 281
1 993
3 67 769 1142
1 1690
1 287
1 1561
1 4
2 472 1703
2 632 1816
2 1157 1899
1 1818
2 347 1904
3 593 845 899
1 1983
1 1599
4 41 320 325 1567
2 1372 1569
1 185
2 1112 1939
5 576 1314 1557 1751 1752
1 1285
3 1162 1338 1739
1 1291
1 132
2 769 1317
1 510
3 405 1452 1953
1 1200
1 1069
1 19
2 1361 1382
2 1307 1534
1 1282
2 1323 1653
1 457
2 695 1703
1 1180
2 434 1000
1 733
2 130 1757
2 202 623
1 1082
3 506 703 1279
2 314 1812
1 242
1 350
1 1524
2 706 1900
1 788
1 1260
2 968 1522
3 173 631 1850
2 1093 1390
2 182 390
1 756
1 996
1 448
2 464 612
2 292 486
2 964 1326
2 907 1799
1 1927
2 928 1103
1 252
2 166 297
2 1106 1896
1 1107
1 459
1 1023
2 422 801
2 456 685
2 262 1059
1 1267
1 485
2 1115 1827
1 1596
3 395 449 1382
1 1009
2 281 1670
2 434 1165
2 167 1121
1 1809
1 895
1 283
3 499 720 1308
2 790 1526
1 1033
1 1500
4 168 418 1642 1947
1 1454
1 1683
2 517 1784
1 288
3 314 749 1586
1 102
1 1136
1 680
1 1755
1 654
1 1140
1 1141
2 1043 1862
1 1550
3 535 1144 1849
4 209 671 815 1268
1 145
1 134
1 774
4 36 497 499 1652
2 271 1150
3 51 980 1651
1 533
2 398 757
1 1313
4 145 617 1336 1721
1 1838
2 10 1050
1 895
2 532 1708
1 1357
2 1200 1999
2 820 1062
1 1821
2 488 1572
2 515 1120
2 36 836
1 664
4 11 515 771 1967
1 358
1 926
2 1666 1827
2 262 1439
3 123 355 1341
2 1204 1525
1 530
2 501 654
2 1311 1796
4 186 1536 1551 1853
2 1822 1947
2 1077 1264
2 163 1181
1 225
3 1237 1715 1798
1 41
2 297 1185
1 909
2 619 1013
1 1698
2 488 560
2 1834 1933
3 402 859 1191
1 1839
2 608 1438
3 435 1033 1754
2 46 1828
3 612 911 1975
2 1503 1854
2 733 826
1 981
4 493 872 1068 1161
2 874 950
1 923
3 40 729 1719
3 542 557 1174
1 1332
2 148 182
1 1207
5 91 273 413 658 1234
1 1995
3 576 703 796
2 1227 1891
2 338 1362
1 6
2 589 732
4 4 100 444 1842
2 497 1745
2 409 1354
1 607
3 29 484 1712
1 570
2 302 1429
2 625 1412
4 260 982 1010 1591
5 9 258 278 1506 1893
1 1906
1 1226
1 1211
1 1773
1 18
1 908
2 701 997
2 348 349
1 59
1 1208
2 817 1994
1 508
1 1183
1 1529
3 540 1524 1552
1 512
1 1241
2 992 1685
1 1934
2 1574 1839
2 727 1040
1 1380
2 1506 1923
2 50 1610
1 674
1 485
3 444 655 1718
2 266 1862
2 645 1709
1 1254
3 922 1255 1341
2 930 1346
2 1465 1844
1 763
3 335 590 1259
2 129 1090
3 652 1261 1838
2 1262 1912
3 7 1438 1554
2 338 1180
2 269 1265
3 861 1281 1423
3 612 1113 1289
1 1145
1 967
4 94 215 925 1860
1 1376
2 223 953
1 1301
2 1007 1860
4 216 393 989 1275
1 470
1 288
1 869
2 1083 1755
1 1588
1 1266
4 677 1073 1575 1625
1 1571
1 1828
3 847 1061 1641
3 1494 1649 1889
1 159
2 142 1288
3 970 1267 1668
1 406
4 728 879 1063 1885
1 1407
3 942 1318 1459
2 311 1754
2 990 1512
3 130 479 508
2 533 559
1 1839
1 70
3 37 1886 1998
2 1273 1340
3 317 674 1485
2 161 1624
1 1304
1 1410
1 744
3 20 870 1072
3 194 212 1125
2 251 1027
3 22 1022 1777
1 1177
1 786
2 1154 1706
1 1060
2 683 745
2 1793 1898
4 523 980 1065 1787
1 1293
1 1319
1 1320
1 206
2 950 1957
2 1074 1823
1 352
2 875 1740
2 493 1100
2 701 1633
2 1 55
1 1633
3 503 1687 1782
3 376 1531 1766
3 436 705 1205
1 565
1 1805
2 408 944
2 917 1155
1 1026
2 527 1062
2 517 853
3 601 1301 1708
2 1173 1255
1 684
1 210
2 121 483
1 175
2 578 1256
3 937 1037 1735
1 685
2 275 1594
2 127 130
1 485
2 884 1352
2 1604 1800
1 1217
2 1355 1985
2 855 1840
3 651 1160 1388
1 92
1 112
1 1455
2 1071 1909
2 304 1212
1 791
2 161 1426
1 1365
2 1366 1433
2 133 998
1 851
3 12 996 1425
1 665
5 13 735 952 1371 1857
2 613 1057
2 638 1511
2 230 1593
1 104
3 179 1271 1639
1 291
1 1919
2 575 969
3 1246 1501 1903
3 73 825 1922
4 1071 1117 1541 1810
1 111
1 457
2 1878 1966
1 1396
3 229 934 1853
3 958 1357 1424
1 531
2 1093 1603
1 408
1 446
1 411
1 1866
2 450 1851
2 519 1386
3 79 568 992
1 224
3 1443 1799 1915
1 744
1 1685
1 892
1 1714
1 632
2 911 1532
2 233 1606
2 700 1292
3 431 1408 1416
2 211 472
2 821 1305
2 1653 1993
2 628 1222
2 473 816
1 451
2 991 1026
1 1408
1 752
2 423 897
2 2 30
1 1420
1 808
2 58 104
1 1266
1 1388
1 1369
4 737 1364 1847 1913
2 246 274
1 1964
3 76 806 1221
1 1430
1 322
1 1719
2 1366 1988
2 89 106
2 1017 1730
1 1997
2 317 352
2 1193 1263
1 1172
1 344
1 37
2 1002 1860
1 1399
2 31 298
2 823 854
2 113 403
2 1508 1720
2 766 1791
1 527
1 134
2 88 571
2 923 1067
1 770
4 95 823 1130 1454
2 1360 1533
3 1456 1489 1529
3 114 149 1956
3 382 631 1458
2 570 1293
2 202 369
1 300
1 1636
3 393 1659 1939
1 31
5 3 323 547 1257 1732
1 320
3 723 992 1706
2 154 843
1 713
2 354 699
1 1471
1 825
1 715
1 745
1 645
2 622 758
3 1013 1645 1669
1 711
1 734
1 650
1 1481
2 310 871
2 918 1504
1 931
5 336 421 775 822 1302
2 157 1631
4 236 437 788 1980
1 1560
2 739 1456
1 383
1 535
2 471 614
1 743
2 565 1286
1 1627
2 761 1496
3 249 425 851
1 749
1 231
2 930 1128
2 390 1380
1 1713
3 152 880 1197
5 47 876 941 1483 1945
3 295 530 753
3 818 1224 1247
4 141 216 1565 1726
4 647 1447 1521 1590
4 580 1036 1605 1609
2 40 1885
2 858 1373
1 1295
2 78 430
1 1772
1 153
3 144 260 1818
3 32 1616 1806
1 472
1 259
2 94 1542
1 1508
3 313 1091 1631
1 685
3 241 1087 1239
1 1174
1 1126
1 1835
1 803
4 460 833 1238 1456
1 1784
1 1331
2 629 1405
4 470 1455 1533 1796
1 1072
3 605 724 1039
1 1178
3 273 801 935
2 1023 1734
1 713
1 1748
2 1382 1683
1 1520
1 781
1 1631
1 1910
1 1942
1 260
2 581 747
1 804
2 159 1143
1 1178
3 461 1239 1846
2 1553 1982
4 68 85 1263 1597
2 1713 1931
2 946 1556
2 718 1060
1 783
2 640 940
4 1488 1806 1898 1949
2 441 1046
2 715 1889
1 552
1 986
2 1507 1689
1 1570
1 1056
2 3 371
3 119 1057 1852
2 1566 1570
2 1283 1736
3 569 1164 1995
3 1573 1784 1987
2 1244 1574
3 1282 1575 1866
1 123
1 1030
2 289 710
2 992 1684
1 4
1 1581
2 128 883
1 57
1 116
1 637
1 1134
1 1587
2 159 1280
1 1915
2 136 1508
1 1223
2 293 1891
2 853 1374
2 1349 1886
2 994 1595
2 364 1116
1 1554
1 1729
2 583 1055
3 147 458 1600
1 1894
1 116
1 1390
5 481 657 949 1353 1983
4 115 668 863 1509
1 1406
3 261 410 821
1 690
1 1509
2 673 1248
2 118 1788
1 1854
1 547
2 547 1807
1 479
2 222 1517
2 880 1989
1 826
2 860 1807
1 291
2 618 1957
1 535
2 480 531
1 1303
2 223 1282
2 503 604
2 1495 1933
2 288 978
1 1629
2 465 1872
3 1486 1522 1544
1 196
2 1327 1329
3 123 661 740
1 139
3 913 1462 1752
2 404 522
2 1779 1813
4 33 190 1376 1639
1 1816
2 554 1285
1 1129
2 71 1844
2 171 987
1 1477
2 16 199
1 1702
1 895
1 1286
3 344 886 945
2 799 1151
3 1149 1961 1984
3 222 1074 1411
2 108 553
4 35 156 226 1992
2 537 655
2 105 609
1 1658
2 519 1463
1 958
2 290 1929
1 435
1 1855
1 345
1 554
2 1021 1171
2 662 687
1 1289
4 842 1477 1795 1975
2 1119 1921
1 941
1 115
1 385
1 518
2 247 676
2 509 1987
2 965 1677
2 151 1692
1 541
1 1680
2 221 789
3 1736 1767 1947
2 1131 1541
1 1579
2 1242 1401
1 1736
2 680 1330
2 881 1829
2 1030 1565
3 778 1044 1900
2 28 75
2 627 1678
4 122 400 671 969
2 58 61
1 741
2 224 1958
1 1935
2 301 1188
2 29 37
2 742 1883
1 662
2 441 1647
2 1048 1076
1 185
1 715
2 1313 1467
1 867
3 1008 1159 1340
4 560 561 1253 1976
1 840
1 1711
2 12 1219
3 631 1502 1555
3 1403 1714 1902
1 1183
1 79
1 738
2 602 1251
2 1203 1432
1 1447
1 1155
1 930
1 941
1 941
1 432
1 1507
1 397
2 1728 1937
2 1598 1913
5 105 757 768 1435 1730
1 789
2 795 1465
3 551 1765 1835
1 1538
2 755 1347
3 1571 1682 1686
2 932 1795
2 329 1738
3 267 1062 1848
1 1325
3 326 541 1952
2 344 754
3 75 253 507
1 288
1 1216
2 92 138
1 333
2 182 1540
1 853
1 88
2 363 1060
2 1060 1636
3 433 583 1873
2 1194 1294
2 1138 1279
2 538 636
1 1080
2 472 514
1 284
1 1760
2 326 620
3 648 939 1989
1 383
3 599 1019 1941
1 1733
3 289 365 1331
3 993 1682 1767
2 1768 1859
1 957
1 288
1 1875
2 1514 1772
2 801 1228
1 0
1 935
1 133
1 1310
2 17 320
2 465 1638
1 1906
1 1969
1 1330
4 97 963 1960 1983
3 1132 1530 1573
1 422
1 1786
2 854 1317
2 926 1611
2 586 1829
2 74 1790
3 52 109 1448
1 1860
2 1316 1981
1 138
3 1669 1737 1861
2 1177 1533
2 327 875
2 852 1183
3 1101 1399 1964
4 491 641 807 1353
2 20 455
1 123
2 415 1010
1 1804
2 1334 1926
2 1517 1560
2 1614 1619
2 261 643
2 145 1122
1 1382
1 60
1 1084
3 213 994 1638
2 14 355
2 841 1996
2 1049 1640
1 388
2 1051 1516
1 1008
1 403
2 350 1163
3 669 1179 1927
1 1323
3 667 824 1879
4 608 839 876 1965
2 473 907
2 1115 1171
4 440 1195 1284 1913
3 275 1688 1789
1 1830
1 1831
2 248 726
1 1833
1 1190
3 639 1527 1733
2 250 1836
2 577 1970
2 1156 1261
3 1192 1244 1298
1 1356
1 81
2 738 1215
1 1843
3 383 1257 1643
2 260 451
1 1552
3 755 879 1426
2 38 1739
2 468 1144
1 1092
2 934 1395
2 198 1569
3 718 1178 1387
3 588 1197 1612
3 162 734 1663
2 236 751
1 1371
1 1015
1 1768
5 940 1270 1274 1442 1792
2 1014 1795
2 1142 1252
1 281
1 717
1 1865
4 574 602 1394 1575
2 707 1011
2 659 1868
2 173 1991
4 391 828 956 1880
2 189 692
1 1630
2 42 1753
1 883
2 11 1771
1 158
1 186
2 796 1385
2 486 1824
2 920 1870
3 433 573 905
2 625 1954
2 300 1700
1 1884
2 1291 1510
4 19 209 1300 1594
1 277
1 85
3 489 1286 1562
2 170 832
3 1211 1592 1973
3 611 697 914
1 1224
2 775 1601
3 308 323 618
1 1106
3 118 368 408
3 1316 1560 1944
2 463 1050
3 1088 1690 1951
2 16 27
2 981 1714
1 1380
2 278 1052
1 20
3 671 1225 1780
1 800
1 583
2 1361 1940
3 134 967 1545
1 1973
1 1262
4 832 1426 1729 1828
1 1914
2 1399 1589
2 650 1916
2 726 1917
1 1040
3 196 1378 1919
2 1 218
2 1670 1952
1 1381
3 892 1012 1247
2 373 904
2 210 1935
3 543 1013 1805
2 1102 1822
2 346 1928
1 1661
1 19
2 983 1555
1 685
4 16 1190 1627 1933
2 288 1243
3 535 1697 1925
1 295
3 112 157 1728
1 293
3 689 1059 1463
2 616 1909
1 1764
3 243 256 1546
1 1950
2 260 1898
1 1504
1 1946
4 87 1129 1179 1682
1 294
1 1560
2 21 1943
2 407 1900
2 1741 1921
1 1067
2 696 1882
1 754
1 1457
2 1322 1621
3 48 708 1696
1 1959
2 389 1783
1 1652
1 29
1 914
2 1428 1799
1 1825
1 1385
1 1168
2 265 475
2 4 1781
3 315 926 1837
3 242 545 1971
1 1972
3 997 1891 1911
1 885
2 1196 1669
1 1709
1 1977
1 1978
1 1979
2 598 1487
1 1793
1 1553
3 1054 1604 1783
2 731 1652
1 1355
1 795
2 1573 1676
3 495 1023 1433
2 1617 1762
1 376
1 1869
2 1035 1655
1 1411
2 1235 1994
3 57 1209 1572
2 181 1815
2 395 1436
1 1300
2 175 1161
