11010000101001000110011001101001110010001001101000000001000010011001100111010000001010001000100101101110101000101011100110111100
11110010001111110101011111110111010100111100001100000000011100100010001100000000000001111101001001000000000001110101010101101011
01011001010100001111100010111011111010101010110100100100000111010110000101111010101010101010000010110000011001010011010011000100
00011111101101001011101000011111001100010001110010101110110100110110100011111010010000001001011001010011010110110100101001011000
01011000001101111011010001011010000011111000101101100011101001000101001011010000101001011010101001100000110100100010001111011110
01101010011000001111001100001000001010100011011011010011001011111110111011100011110100001000001110000011011110111010011100010000
10101110111101110100010011011110001000011000001101000111010011001101111111110000001100000110100100000101010110111001100011011010
00001110101000001111110011110011111001011011101111110000011000101111000110110101110111011010111001100110010011110111101100001000
11110000011101101001111111111110001000111100110110111110111011110001110001001100010101101110110111100111000111100000101101000001
11100110111110100101010100101101010100010100100100110011101101110010100100000010010101111111101100111010010101101010010010110111
00011011100101010101100100000100101111000110000110111110000000001111101001010000100110010010010000100111011100110101100010101011
01111100110110100010010101000001011000111100010101101111000100101111110101100110111000111011010101010111111011010111011100011001
00010011010011011001011110000000101001110011100100101100000101101101101101111100100000101011110111100010010101000001101111011000
10001001100000010110010001111010001101111011100011101001101101000101010101111111110101101100111110000100110110001011000100011010
01101101010001110110111001010001001100110100010111000100010110010100001110101110000111010101001010011100111001011010011010000011
11001101101000010000110000010001010011011100100010110001001010110000100010111001111111011010111101010001100001111010100111110010
10101001101001110010010001010100100001100001000010011110110010001100111001010100010001100011100111101001000001111111001001000111
11000101000111111000011010110101110101011100000110101001000011010110000111010010011110001011111011001010001101011011110001101111
10110011101111101011011100101111101000011000100000011011110100001000111011001101001111001110000111001100010100100001101101101100
10110110101011110111100001100001111010111000011011111100110011101100001110110111000110100001010110001011000100111100010101111001
11001010010101110100010110101011111011011010011100010010011001010011100010001110100011000111010101101101101100011111101000100111
00110100110010110000100111001111001100011110111101101100111111011100101011110101011110110001011111001010100110111110101110011111
00001010111000011100001000100110001110001101000110110010110010001110100100010000001000000010101110111011011001011001010100100101
00011011100000010011101010110010001011010111011001001001101110000100101010111111010111001001110011000101001010000110011100000111
00100100010100100000101111011011111001010011011011001010100011111010110001100010100010100000000011000111110101011110001110000101
11000101110100110100000100111100011001011010011100110011101110101000011100011000011101001101010111111000111100010011100100101110
11110001100001110011001010011010111011111100001111111101111001101000101100001100100001011110100111101100001011000010000011100010
10010101111100000000011100000101101100110110100100000100110101110000010010001101000101001000010100100110100111001100111000000010
10100011100101100110110001000001111000001111010000010101011011001001100100111010011011110001001101100011101011000001000001110101
01111111110011111011110111111101011001010011010100100001000100101010010101111010111011101100000011101001100101100101110101000000
10100101101010100111010100110100110010101100010001110111111011010100111111100110010000010110001100001010000000010011111101100101
11100011110111100100100001111100101001001111010011110000000000010000001010101010100000011100100111100110000110010000001110110100
10010010011110110100110000110010011111111100001010000000011010000000000100010010110111010110001101001101010001001100001110100101
01110001000111110010110000000101010010100001001100000110010010001110100111000000000111100110010001011110110111000101000011010001
11100111111101011111010010011001000101010111100010001011010101111100100100110111100111110111111110101111111001101011001000101011
00111111100001110010110110110110000001010111111001111100110001000000111101101001010111011000110101110101010100011100010010110110
10101011010010110110100101010100101101100011011000001011001110111010100111010010011101110101100001110000100110100001001111000000
11101110110011011100001101011011001100001100111110001001000100011010100010001100001101110110001001000001011101011011111100100110
01101101010101000010110001111110110001010101110111010101100001000010101010110011110011011011101100111001100000000110111110011011
10100010011000110001000001010100000010110100111001110110101110000100010011010000010100010000011000011001001100011111010100010000
00001000110000011100101111001001100011110010011110010100000001101110100101101110000101011010100110000000011111011100111011111001
00111100100001110100001100111101100111010000010011111101100111111001001011111011101101101000101110111000001111011101010000111011
11001111100011100100100011000011100110000101100011011101100101010101110010011011001111010000101100001110111100100001011001011001
00100111110100100010001001101100011101011000001000111000110101101001101100011110001101100000101001001000010011111000101010010110
10100100110011101110011111011000011110010011111101111011011111100111110101100100001011100011010011001010000010111101000000000100
01011100010111100010100110011111101000110111110000001011100011111101010111001001100000000111000000111101110010001100000100110111
10011011100011001110110110101011010010111010001100110111000011100000000001100111101001110100101100110111111010011111011000100011
10100100111110110011100010011010001110001011000010011111011101101101111010101101000011001111010100101010111011100101001010000000
11110101100000110101011110000010110100000111001011011011111010011111010000010101010001001010101101100101100100101100110000000110
10101100011100011110000100001001001011001110110110100101100001111000111101101111010111000111101011010111100101101011100111101000
01110010001000011101000010011111010000100011001100001110010111101000010110010110100010110100110000110101001100111100001000101101
10011100000011001000000000100010111001101000000000001001110010111000001100000010101110010010101010110010001011000111000101101011
11111010000110001011001111100110011111011100001011001101011101111000111001001111000001000111110011111110111001011011010010100100
01000011111111100100101111111110111100111101000110100000111110111110111001111111010101001110110001111100101010001010010100101001
11010001000011011010001100101001100001101101001101001111111000111111011001111111000111000001100110011101011010010010010011110011
10100010000110001110001011101101110001010010010100010011110001000011110110000011101011001001100010111001010001000001001111100110
01000011000011110110110110000010101100100101010010001101101101011000011111100100001000111011000011011110011101010001001100110101
01011011111001011011100100100010001001011110101010100110100001010011110000111010100100101000110010101111100001110000001011111011
10100100001001001110010110100111011000011100100110101110001100011001000101011101001000010011100010110000000100011101111101011110
10111101010110000000000111010100111001110110010011001011010101001010100101000110000011001101111010010000110111110111010000101010
11000010011010000000001101000101001110010010111110011111100001000001100110110010101110011010101010010100100010010011101101111111
10001000011110101100011010000101010110101101111001000110011101011111100011101001011110011011011010010011111011011110001101000101
11110011111010101011110101000111110110100100101100000010111100011101100011111111010000111110110110101110111010010111001100111100
11000101000110110111001100100011101001010010111100001000011010101110111110000000001101100011100010100000011001000010001011100001
10100110000111010010101100101011101100010111011010111011011110110010011111111000100001101011110101010000010010000010110001101100
10011010011011101110100110100101001111111110100011101001100000101101010010010001011101011001011100000111011101010110101010111011
11010010001001111000011111111011001100101010100100010110001010100110100101011100100001000111000000101101010101111111100101101100
00000001011111010100000000111001101100000001001100101110101001110010101111100111010110111000101110001011101110110010100000101011
11010000000001110010011100001110111100101101111000001110001011100000111011010011101010101110010010000011011011001001000100011111
11100000011111011011110110011001110011100010100000001111100111110000001100100010110011101111010000101001011101001000010000001101
00010100011000101001000000110000010100001111011000110100001100100011011110010011011001011111010001110110000111110011011100011101
11110101010111111111000100001111011101001010100000000000000111010010100100011001101001011000010001111100110111000100001101100111
11001001000001100111001101000111011011000000000100110110010101100001111100000010100111000101110010001111101001111111010011110111
00000100100010101011101110111101110011110000001011001101010110000011110011101100010100110000111100000010101100100110010110001001
11110110101101111011010001011101111001100001010011001011001010101101111110001110111110000011100011000101111011001001011010010101
00001101101100110110010001110011101011010111100100111111110100110011101000000001001000001000100011010110111111000110101001000010
10011100000000000101001100110011010111000101111001111111011011011110001011111100110010011110011001010011011110110100010010110001
11000001000111111100010001000010011011101001101011111100110001111010000100110111001000110001001010111111110001101011111011110111
00011110011011000000101101011000100001111010010110111111000010011010101011111101001111110100100000011000101111011010000110010001
10110001010011001110011101001001110110111000010100010011000101101000101100110000101010011010110011101111101010111110101100011001
00010000011100100100001110010110000001110100101100000101100011110100001010011101011100101101110110010011100101000111011001110000
11011001000010011110110011001111110111111111110001100110000101101111111001011010000000101010111111011100001000100110101000111101
10011100101100111000001111010000101101011011011010010111111000111010000000101001000110101010100101011001000110011100100110111000
10011010101001011100100010001000000101000100111110010110110011011110010001101000001111101101111010111101010011100110100010001000
11000010101010110011110011010110111010110000000010001101000001110000101100001111000110011100101111011101100111011000000011110100
11001100000001101001001001110110111100010000101111011001110111110101001101100100101101100100100010100101011101011010001001101001
10101001011110010000000011101110111000100110111101100110111111010010111100000111101010011101001111110110001100100101001011101100
10110111011001011010100001011101010110111111101000110100010000111100011000000111111101111010101100111111111010101110101001010011
00001011011010101110001011001101101111011001011101000101010000001110100010100111111000110111011101100111010010101101011001000001
11001101111110101000010000001110000011101001000010101100000010010001001010000011001100111101100001011000100010010000101000100111
01110101011000001101101111101011000001000111000000010101000010110000111100011101011011000111100010111001100100000100010100100101
11110011000100000000111011001000110010010010011111000100111011110010000001101001100001001111011001100101111100110101110100010000
11101100111010110001110111101101111011111101111001111110101000111000011011011110010111010001111011101001100000101100101010100001
11001011001001111111101111001111100001111101001110101011001111001100100111110101011101001000001010110010101011010000111111000001
01100011001101110000000001000000001000010010010001110110010100001110000011011111010011110000001011011111101011001111110011001010
11100111100111011110010101001100111101000001011100011101111000110101100010010001010000110010000000000111111101101101100101001100
01111100101010110011001001010110100110001011100001101000001011110110111011011111011010110111010001010001110010001110001100000000
10111101011100000011011010000000100100110100001011101111101101100100101001101011100111011001111110100101101011100110001010111001
00110001110001001100011010011111001101110001001011111001000100000001111111110010001100011001101001010011111001111001111000001100
10001100110010100010101101100000100100110101101010010011100110000101101010010100111101000110000111010011000111100101010100001100
00010011000000011110010011011110100110100101100011100111101011100011101011010101101110010100101110101100010000111011100011101001
10011000101000100000100111111001001101000010010110111001111111011101001111001010100110101001110011001111111101110111101111000011
00110000001000101111111000110010100100011011111101010100101011001010001100010010111010101101010101101101010001100110100011000101
00000110011111110001000100111111001110001010011111111110101001111110111111000001111001010110100100111011111110000011011011000110
10111110111111000100101101000110101011010100011001000011011101111111001100011110110000101011011101011000000111000010010001101000
10001010100010111011000111011110001000110100110000011101011001111101001110011111101000000000100001111110101001001010001011100111
00101001010111111010001001111110010010011010001010100100000110110000010011111011110000000010100110011000000011010001110101100000
11111001101011111011110011100011010101010010011110110000001000001101100111111000010101110010000011010100101110110011110111101111
01111000100011010011000111111000100111011111100101111000100010100100100001111100111010010001000111101110111011011100111110101010
00000001111001100110110101111111011111010011010011010010001110011110010011110011100100101011100001001000110100010000100011111011
10001110010011110111101011101011110001100001000010111101110101111101100011010101000100000011010001000100011101100001001111100100
00110001110010001101011101100000111111011000100000000100110001000100000111101010110101100101001001101100111110011011101011111011
11111011000001000001101110110010000001111111100101010011000001000010110101101101001011000100100111010100011000100110111000000010
10110000001101111000011000110000101010001011111011101001111011001010011111110010010101001001011110000110011111101010000011101100
11101011011010001101010000011001111100011010101111111111001010001100000001111111001101100101110000111110001100100101010001001110
00111100000000010110110001110100100101001100100110001010110101010101101101101101100010100011100101001010101111010000010001010001
00100111010100101011010110000100000011000011010001011101101101000100100001100000111111110101100011100100011000101000110000010000
00101100011110010011000011010100111110111110010100110110000011101101000001011100010100011001001101110110011101100000101111010010
10111110101110101100100100110101010110110000011101000110011011110110001010010110111101000100011001101110100110111101011111101001
10000111001100011010110101110000000010101000001110111111001010100100101110110100010011011000111101100101001011000111110001111111
10101000100000011100001101011101000100101000111010011010010101101111100100100100100011011011001110011111011101000100011110101000
11011101100000011001100110001011000111100010011110110011010101110100111110101110011011101100011010110111001001110001010101011111
00110101001111101011101011110110000110001100000101000111001001010100100111001111101111001011100000110011010111000000101000011011
11001000111110100011111001011010111000010011110000000111101001010011000100111101100000001000001010100111001011110111111111010000
00110111011110111000010001001100100010110010100001101111111011111100010100100110111111111010000010001010100100100100001101000000
01100101000001110010111111011111110100000010001101111101111010010101101110000100000110100011011110011010100110100000010000000011
01001011001111110101010111100111100010111110001001000011011100111010011101100000111111101100111100000100110101000000001010111011
01000011100101000000010010010110011000011000100011001110110000111100010100011101011011011101001011011010000101111000111010000101
